-14.21928782
0.00000      54.57000      0.00000      0.00000      54.57000
10.00000      54.14000      76.09000      24.94290      54.90090
20.00000      53.25000      99.16000      24.94290      55.23320
30.00000      52.19000      112.65000      24.94290      55.56950
40.00000      51.01000      122.22000      24.94290      55.89880
50.00000      49.75000      129.64000      24.94290      56.23200
60.00000      48.42000      135.71000      24.94290      56.56260
70.00000      47.04000      140.83000      24.94290      56.89810
80.00000      45.61000      145.27000      24.94290      57.23160
90.00000      44.14000      149.19000      24.94290      57.56710
100.00000      42.63000      152.70000      24.94290      57.90000
110.00000      41.08000      155.87000      24.94290      58.22570
120.00000      39.51000      158.76000      24.94290      58.56120
130.00000      37.91000      161.42000      24.94300      58.89460
140.00000      36.28000      163.89000      24.94310      59.22460
150.00000      34.63000      166.18000      24.94330      59.55700
160.00000      32.96000      168.33000      24.94390      59.89280
170.00000      31.26000      170.35000      24.94490      60.21950
180.00000      29.55000      172.25000      24.94670      60.55500
190.00000      27.82000      174.04000      24.94960      60.88760
200.00000      26.07000      175.75000      24.95400      61.22000
210.00000      24.31000      177.37000      24.96040      61.55770
220.00000      22.52000      178.92000      24.96910      61.88240
230.00000      20.73000      180.40000      24.98070      62.22200
240.00000      18.92000      181.82000      24.99550      62.55680
250.00000      17.09000      183.18000      25.01410      62.88500
260.00000      15.25000      184.49000      25.03660      63.21740
270.00000      13.40000      185.75000      25.06350      63.55250
280.00000      11.54000      186.96000      25.09500      63.88880
290.00000      9.66000      188.13000      25.13110      64.21770
300.00000      7.78000      189.27000      25.17210      64.56100
310.00000      5.88000      190.37000      25.21780      64.89470
320.00000      3.97000      191.43000      25.26840      65.22760
330.00000      2.05000      192.47000      25.32370      65.56510
340.00000      0.12000      193.47000      25.38350      65.89980
350.00000      -1.82000      194.45000      25.44780      66.23750
360.00000      -3.77000      195.40000      25.51630      66.57400
370.00000      -5.73000      196.33000      25.58870      66.91210
380.00000      -7.70000      197.24000      25.66500      67.25120
390.00000      -9.67000      198.12000      25.74470      67.59680
400.00000      -11.66000      198.98000      25.82770      67.93200
410.00000      -13.65000      199.83000      25.91370      68.28030
420.00000      -15.66000      200.65000      26.00250      68.61300
430.00000      -17.67000      201.46000      26.09380      68.95780
440.00000      -19.68000      202.25000      26.18740      69.31000
450.00000      -21.71000      203.03000      26.28310      69.65350
460.00000      -23.75000      203.79000      26.38080      69.99340
470.00000      -25.79000      204.54000      26.48010      70.34380
480.00000      -27.84000      205.27000      26.58090      70.68960
490.00000      -29.89000      205.99000      26.68320      71.04510
500.00000      -31.96000      206.70000      26.78670      71.39000
510.00000      -34.03000      207.40000      26.89130      71.74400
520.00000      -36.10000      208.08000      26.99700      72.10160
530.00000      -38.19000      208.76000      27.10350      72.45280
540.00000      -40.28000      209.42000      27.21090      72.80680
550.00000      -42.38000      210.07000      27.31900      73.15850
560.00000      -44.48000      210.71000      27.42790      73.51760
570.00000      -46.59000      211.35000      27.53730      73.87950
580.00000      -48.71000      211.97000      27.64740      74.23260
590.00000      -50.83000      212.59000      27.75800      74.59810
600.00000      -52.96000      213.20000      27.86910      74.96000
610.00000      -55.09000      213.79000      27.98070      75.32190
620.00000      -57.23000      214.39000      28.09280      75.69180
630.00000      -59.38000      214.97000      28.20540      76.05110
640.00000      -61.53000      215.54000      28.31840      76.41560
650.00000      -63.69000      216.11000      28.43180      76.78150
660.00000      -65.86000      216.68000      28.54560      77.14880
670.00000      -68.03000      217.23000      28.65980      77.51410
680.00000      -70.20000      217.78000      28.77440      77.89040
690.00000      -72.38000      218.32000      28.88950      78.26080
700.00000      -74.57000      218.86000      29.00490      78.63200
710.00000      -76.76000      219.39000      29.12070      79.00690
720.00000      -78.96000      219.91000      29.23680      79.37520
730.00000      -81.16000      220.43000      29.35330      79.75390
740.00000      -83.36000      220.94000      29.47020      80.13560
750.00000      -85.58000      221.45000      29.58740      80.50750
760.00000      -87.79000      221.96000      29.70500      80.89960
770.00000      -90.01000      222.45000      29.82280      81.27650
780.00000      -92.24000      222.95000      29.94100      81.66100
790.00000      -94.47000      223.43000      30.05950      82.03970
800.00000      -96.71000      223.92000      30.17830      82.42600
810.00000      -98.95000      224.40000      30.29730      82.81400
820.00000      -101.20000      224.87000      30.41660      83.19340
830.00000      -103.45000      225.34000      30.53610      83.58220
840.00000      -105.71000      225.81000      30.65590      83.97040
850.00000      -107.97000      226.27000      30.77580      84.35950
860.00000      -110.23000      226.73000      30.89590      84.75780
870.00000      -112.50000      227.18000      31.01620      85.14660
880.00000      -114.77000      227.63000      31.13660      85.54440
890.00000      -117.05000      228.08000      31.25710      85.94120
900.00000      -119.34000      228.52000      31.37780      86.32800
910.00000      -121.62000      228.96000      31.49840      86.73360
920.00000      -123.91000      229.40000      31.61920      87.13800
930.00000      -126.21000      229.83000      31.73990      87.53190
940.00000      -128.51000      230.26000      31.86060      87.93440
950.00000      -130.82000      230.68000      31.98130      88.32600
960.00000      -133.13000      231.10000      32.10200      88.72600
970.00000      -135.44000      231.52000      32.22260      89.13440
980.00000      -137.76000      231.94000      32.34300      89.54120
990.00000      -140.08000      232.35000      32.46340      89.94650
1000.00000      -142.40000      232.76000      32.58360      90.36000
