-30.614228762
0.00000 19.45793 0.00000 0.00000 19.45793
10.00000 19.45783 0.03444 0.08334 19.45817
20.00000 19.45670 0.24182 0.76672 19.46153
30.00000 19.45156 0.86948 2.64140 19.47764
40.00000 19.43766 1.98469 5.32588 19.51705
50.00000 19.41056 3.49202 8.31885 19.58516
60.00000 19.36690 5.27806 11.36274 19.68358
70.00000 19.30436 7.25536 14.35602 19.81224
80.00000 19.22136 9.36339 17.26802 19.97043
90.00000 19.11680 11.56126 20.09370 20.15731
100.00000 18.98993 13.82090 22.83347 20.37202
110.00000 18.84024 16.12227 25.48622 20.61369
120.00000 18.66739 18.45038 28.04828 20.88144
130.00000 18.47118 20.79348 30.51447 21.17433
140.00000 18.25151 23.14204 32.87942 21.49139
150.00000 18.00835 25.48814 35.13858 21.83157
160.00000 17.74177 27.82516 37.28883 22.19380
170.00000 17.45190 30.14755 39.32861 22.57698
180.00000 17.13889 32.45065 41.25800 22.98000
190.00000 16.80296 34.73061 43.07845 23.40178
200.00000 16.44436 36.98428 44.79257 23.84122
210.00000 16.06337 39.20912 46.40390 24.29728
220.00000 15.66028 41.40311 47.91661 24.76897
230.00000 15.23542 43.56473 49.33535 25.25530
240.00000 14.78910 45.69282 50.66501 25.75538
250.00000 14.32167 47.78660 51.91060 26.26832
260.00000 13.83348 49.84555 53.07716 26.79333
270.00000 13.32488 51.86941 54.16960 27.32962
280.00000 12.79621 53.85812 55.19273 27.87649
290.00000 12.24783 55.81181 56.15114 28.43326
300.00000 11.68009 57.73072 57.04922 28.99931
310.00000 11.09333 59.61523 57.89110 29.57406
320.00000 10.48790 61.46580 58.68070 30.15696
330.00000 9.86413 63.28296 59.42166 30.74751
340.00000 9.22235 65.06732 60.11740 31.34524
350.00000 8.56289 66.81950 60.77110 31.94971
360.00000 7.88607 68.54018 61.38571 32.56053
370.00000 7.19219 70.23005 61.96398 33.17731
380.00000 6.48157 71.88982 62.50844 33.79970
390.00000 5.75449 73.52021 63.02145 34.42737
400.00000 5.01126 75.12193 63.50519 35.06003
410.00000 4.25215 76.69570 63.96166 35.69738
420.00000 3.47743 78.24225 64.39273 36.33918
430.00000 2.68739 79.76226 64.80012 36.98516
440.00000 1.88227 81.25643 65.18542 37.63511
450.00000 1.06234 82.72546 65.55009 38.28880
460.00000 0.22785 84.16999 65.89550 38.94604
470.00000 -0.62098 85.59069 66.22290 39.60665
480.00000 -1.48389 86.98820 66.53345 40.27045
490.00000 -2.36066 88.36312 66.82824 40.93727
500.00000 -3.25108 89.71608 67.10826 41.60696
510.00000 -4.15491 91.04765 67.37443 42.27939
520.00000 -5.07196 92.35840 67.62761 42.95441
530.00000 -6.00202 93.64889 67.86860 43.63190
540.00000 -6.94487 94.91966 68.09813 44.31174
550.00000 -7.90034 96.17122 68.31689 44.99382
560.00000 -8.86824 97.40407 68.52553 45.67804
570.00000 -9.84837 98.61872 68.72462 46.36430
580.00000 -10.84055 99.81562 68.91473 47.05251
590.00000 -11.84462 100.99524 69.09637 47.74257
600.00000 -12.86040 102.15801 69.27002 48.43441
610.00000 -13.88773 103.30438 69.43612 49.12794
620.00000 -14.92643 104.43474 69.59509 49.82311
630.00000 -15.97637 105.54951 69.74733 50.51982
640.00000 -17.03737 106.64907 69.89320 51.21803
650.00000 -18.10930 107.73380 70.03303 51.91767
660.00000 -19.19200 108.80405 70.16715 52.61867
670.00000 -20.28533 109.86019 70.29586 53.32099
680.00000 -21.38916 110.90255 70.41944 54.02457
690.00000 -22.50334 111.93146 70.53814 54.72937
700.00000 -23.62774 112.94724 70.65223 55.43532
710.00000 -24.76224 113.95019 70.76191 56.14239
720.00000 -25.90671 114.94063 70.86743 56.85055
730.00000 -27.06101 115.91883 70.96897 57.55973
740.00000 -28.22504 116.88507 71.06674 58.26991
750.00000 -29.39868 117.83964 71.16091 58.98105
760.00000 -30.58180 118.78279 71.25166 59.69312
770.00000 -31.77430 119.71477 71.33914 60.40608
780.00000 -32.97606 120.63583 71.42351 61.11989
790.00000 -34.18698 121.54622 71.50491 61.83454
800.00000 -35.40695 122.44616 71.58348 62.54998
810.00000 -36.63587 123.33588 71.65934 63.26620
820.00000 -37.87363 124.21560 71.73261 63.98316
830.00000 -39.12014 125.08552 71.80342 64.70084
840.00000 -40.37531 125.94587 71.87186 65.41922
850.00000 -41.63903 126.79682 71.93803 66.13827
860.00000 -42.91122 127.63859 72.00205 66.85797
870.00000 -44.19177 128.47135 72.06399 67.57830
880.00000 -45.48061 129.29529 72.12395 68.29925
890.00000 -46.77765 130.11059 72.18201 69.02078
900.00000 -48.08280 130.91742 72.23824 69.74288
910.00000 -49.39597 131.71594 72.29273 70.46554
920.00000 -50.71709 132.50632 72.34553 71.18873
930.00000 -52.04607 133.28872 72.39673 71.91244
940.00000 -53.38284 134.06329 72.44638 72.63666
950.00000 -54.72731 134.83018 72.49454 73.36136
960.00000 -56.07942 135.58954 72.54127 74.08654
970.00000 -57.43908 136.34151 72.58663 74.81218
980.00000 -58.80622 137.08622 72.63068 75.53827
990.00000 -60.18078 137.82381 72.67345 76.26479
1000.00000 -61.56267 138.55441 72.71500 76.99174
