-7.88316757612
0.00000      23.82000      0.00000      0.00000      23.82000
10.00000      23.36000      75.06000      20.78570      24.11060
20.00000      22.50000      95.24000      20.78570      24.40480
30.00000      21.48000      107.04000      20.78570      24.69120
40.00000      20.37000      115.41000      20.78570      24.98640
50.00000      19.18000      121.91000      20.78570      25.27550
60.00000      17.93000      127.21000      20.78570      25.56260
70.00000      16.64000      131.70000      20.78570      25.85900
80.00000      15.30000      135.59000      20.78570      26.14720
90.00000      13.93000      139.01000      20.78570      26.44090
100.00000      12.52000      142.08000      20.78570      26.72800
110.00000      11.09000      144.85000      20.78570      27.02350
120.00000      9.63000      147.39000      20.78570      27.31680
130.00000      8.14000      149.71000      20.78570      27.60230
140.00000      6.63000      151.87000      20.78580      27.89180
150.00000      5.10000      153.88000      20.78580      28.18200
160.00000      3.55000      155.76000      20.78580      28.47160
170.00000      1.99000      157.52000      20.78580      28.76840
180.00000      0.40000      159.18000      20.78580      29.05240
190.00000      -1.20000      160.76000      20.78580      29.34440
200.00000      -2.81000      162.25000      20.78580      29.64000
210.00000      -4.44000      163.67000      20.78580      29.93070
220.00000      -6.08000      165.02000      20.78580      30.22440
230.00000      -7.74000      166.32000      20.78580      30.51360
240.00000      -9.41000      167.56000      20.78580      30.80440
250.00000      -11.09000      168.74000      20.78580      31.09500
260.00000      -12.78000      169.89000      20.78580      31.39140
270.00000      -14.49000      170.98000      20.78580      31.67460
280.00000      -16.20000      172.04000      20.78580      31.97120
290.00000      -17.93000      173.06000      20.78580      32.25740
300.00000      -19.67000      174.05000      20.78580      32.54500
310.00000      -21.41000      175.00000      20.78580      32.84000
320.00000      -23.17000      175.93000      20.78580      33.12760
330.00000      -24.93000      176.82000      20.78580      33.42060
340.00000      -26.70000      177.69000      20.78590      33.71460
350.00000      -28.48000      178.54000      20.78590      34.00900
360.00000      -30.27000      179.36000      20.78600      34.29960
370.00000      -32.07000      180.15000      20.78610      34.58550
380.00000      -33.88000      180.93000      20.78630      34.87340
390.00000      -35.69000      181.69000      20.78650      35.16910
400.00000      -37.51000      182.42000      20.78680      35.45800
410.00000      -39.34000      183.14000      20.78710      35.74740
420.00000      -41.17000      183.84000      20.78760      36.04280
430.00000      -43.01000      184.53000      20.78820      36.33790
440.00000      -44.86000      185.20000      20.78890      36.62800
450.00000      -46.72000      185.85000      20.78970      36.91250
460.00000      -48.58000      186.49000      20.79080      37.20540
470.00000      -50.45000      187.12000      20.79200      37.49640
480.00000      -52.32000      187.73000      20.79350      37.79040
490.00000      -54.20000      188.33000      20.79520      38.08170
500.00000      -56.09000      188.92000      20.79730      38.37000
510.00000      -57.98000      189.49000      20.79960      38.65990
520.00000      -59.88000      190.06000      20.80230      38.95120
530.00000      -61.78000      190.61000      20.80540      39.24330
540.00000      -63.69000      191.16000      20.80880      39.53640
550.00000      -65.60000      191.69000      20.81270      39.82950
560.00000      -67.52000      192.22000      20.81710      40.12320
570.00000      -69.45000      192.73000      20.82200      40.40610
580.00000      -71.38000      193.24000      20.82730      40.69920
590.00000      -73.31000      193.74000      20.83330      40.99660
600.00000      -75.25000      194.23000      20.83980      41.28800
610.00000      -77.20000      194.71000      20.84690      41.57310
620.00000      -79.15000      195.18000      20.85460      41.86160
630.00000      -81.10000      195.65000      20.86300      42.15950
640.00000      -83.06000      196.11000      20.87200      42.45040
650.00000      -85.02000      196.56000      20.88170      42.74400
660.00000      -86.99000      197.01000      20.89210      43.03660
670.00000      -88.96000      197.45000      20.90320      43.33150
680.00000      -90.94000      197.88000      20.91510      43.61840
690.00000      -92.92000      198.31000      20.92770      43.91390
700.00000      -94.91000      198.73000      20.94110      44.20100
710.00000      -96.90000      199.14000      20.95520      44.48940
720.00000      -98.89000      199.55000      20.97010      44.78600
730.00000      -100.89000      199.96000      20.98570      45.08080
740.00000      -102.89000      200.36000      21.00220      45.37640
750.00000      -104.89000      200.75000      21.01940      45.67250
760.00000      -106.90000      201.14000      21.03730      45.96640
770.00000      -108.92000      201.52000      21.05610      46.25040
780.00000      -110.93000      201.90000      21.07560      46.55200
790.00000      -112.95000      202.28000      21.09590      46.85120
800.00000      -114.98000      202.65000      21.11690      47.14000
810.00000      -117.01000      203.01000      21.13870      47.42810
820.00000      -119.04000      203.37000      21.16120      47.72340
830.00000      -121.08000      203.73000      21.18450      48.01590
840.00000      -123.11000      204.08000      21.20850      48.31720
850.00000      -125.16000      204.43000      21.23320      48.60550
860.00000      -127.20000      204.78000      21.25860      48.91080
870.00000      -129.25000      205.12000      21.28460      49.20440
880.00000      -131.31000      205.46000      21.31140      49.49480
890.00000      -133.36000      205.79000      21.33870      49.79310
900.00000      -135.42000      206.13000      21.36680      50.09700
910.00000      -137.48000      206.45000      21.39540      50.38950
920.00000      -139.55000      206.78000      21.42460      50.68760
930.00000      -141.62000      207.10000      21.45450      50.98300
940.00000      -143.69000      207.42000      21.48480      51.28480
950.00000      -145.77000      207.73000      21.51580      51.57350
960.00000      -147.85000      208.05000      21.54720      51.87800
970.00000      -149.93000      208.36000      21.57920      52.17920
980.00000      -152.01000      208.66000      21.61170      52.47680
990.00000      -154.10000      208.97000      21.64460      52.78030
1000.00000      -156.19000      209.27000      21.67800      53.08000
