-34.64319091
       0.000      20.8512974      0.0000000      0.0000000     20.8512974
      10.000      20.8408799      4.3965826     11.1332993     20.8848458
      20.000      20.7398102     15.5667190     20.1370566     21.0511446
      30.000      20.5380932     24.4013115     23.4740968     21.2701326
      40.000      20.2570698     31.6339533     27.1823021     21.5224279
      50.000      19.9076035     38.1893556     31.8442615     21.8170713
      60.000      19.4943177     44.4256222     36.6809357     22.1598550
      70.000      19.0198881     50.4205154     41.1209692     22.5493242
      80.000      18.4867279     56.1691756     44.9641749     22.9802620
      90.000      17.8973696     61.6587561     48.2249502     23.4466577
     100.000      17.2544244     66.8872553     51.0027864     23.9431499
     110.000      16.5604649     71.8638724     53.4133338     24.4654909
     120.000      15.8179322     76.6050203     55.5584818     25.0105346
     130.000      15.0290836     81.1304386     57.5168910     25.5760407
     140.000      14.1959746     85.4604477     59.3441224     26.1604373
     150.000      13.3204616     89.6143142     61.0765695     26.7626087
     160.000      12.4042173     93.6094381     62.7362865     27.3817274
     170.000      11.4487509     97.4610720     64.3354006     28.0171332
     180.000      10.4554301    101.1823486     65.8796418     28.6682529
     190.000       9.4255010    104.7844673     67.3709403     29.3345497
     200.000       8.3601061    108.2769447     68.8092191     30.0154950
     210.000       7.2603004    111.6678758     70.1935582     30.7105543
     220.000       6.1270639    114.9641770     71.5229023     31.4191829
     230.000       4.9613124    118.1717999     72.7964547     32.1408264
     240.000       3.7639062    121.2959106     74.0138642     32.8749247
     250.000       2.5356574    124.3410382     75.1752831     33.6209169
     260.000       1.2773353    127.3111944     76.2813505     34.3782459
     270.000      -0.0103286    130.2099688     77.3331361     35.1463630
     280.000      -1.3266370    133.0406048     78.3320657     35.9247324
     290.000      -2.6709234    135.8060594     79.2798447     36.7128338
     300.000      -4.0425500    138.5090503     80.1783843     37.5101651
     310.000      -5.4409046    141.1520929     81.0297363     38.3162442
     320.000      -6.8653998    143.7375296     81.8360376     39.1306097
     330.000      -8.3154705    146.2675531     82.5994640     39.9528220
     340.000      -9.7905731    148.7442245     83.3221930     40.7824633
     350.000     -11.2901837    151.1694887     84.0063752     41.6191374
     360.000     -12.8137976    153.5451859     84.6541118     42.4624693
     370.000     -14.3609280    155.8730619     85.2674388     43.3121049
     380.000     -15.9311050    158.1547761     85.8483154     44.1677099
     390.000     -17.5238749    160.3919083     86.3986162     45.0289693
     400.000     -19.1387996    162.5859647     86.9201270     45.8955863
     410.000     -20.7754554    164.7383829     87.4145427     46.7672815
     420.000     -22.4334330    166.8505362     87.8834667     47.6437922
     430.000     -24.1123363    168.9237379     88.3284124     48.5248710
     440.000     -25.8117821    170.9592441     88.7508052     49.4102853
     450.000     -27.5313996    172.9582576     89.1519853     50.2998164
     460.000     -29.2708295    174.9219304     89.5332113     51.1932585
     470.000     -31.0297241    176.8513661     89.8956640     52.0904180
     480.000     -32.8077462    178.7476231     90.2404500     52.9911129
     490.000     -34.6045693    180.6117161     90.5686059     53.8951716
     500.000     -36.4198766    182.4446188     90.8811024     54.8024328
     510.000     -38.2533608    184.2472653     91.1788479     55.7127445
     520.000     -40.1047240    186.0205528     91.4626926     56.6259634
     530.000     -41.9736769    187.7653426     91.7334322     57.5419547
     540.000     -43.8599387    189.4824621     91.9918110     58.4605909
     550.000     -45.7632366    191.1727065     92.2385258     59.3817520
     560.000     -47.6833058    192.8368401     92.4742288     60.3053247
     570.000     -49.6198888    194.4755977     92.6995302     61.2312019
     580.000     -51.5727355    196.0896862     92.9150020     62.1592825
     590.000     -53.5416026    197.6797856     93.1211795     63.0894710
     600.000     -55.5262534    199.2465504     93.3185645     64.0216768
     610.000     -57.5264579    200.7906105     93.5076274     64.9558145
     620.000     -59.5419920    202.3125727     93.6888092     65.8918031
     630.000     -61.5726376    203.8130213     93.8625237     66.8295658
     640.000     -63.6181826    205.2925196     94.0291592     67.7690300
     650.000     -65.6784200    206.7516102     94.1890803     68.7101266
     660.000     -67.7531485    208.1908164     94.3426297     69.6527903
     670.000     -69.8421717    209.6106430     94.4901292     70.5969590
     680.000     -71.9452984    211.0115767     94.6318816     71.5425738
     690.000     -74.0623419    212.3940874     94.7681716     72.4895785
     700.000     -76.1931202    213.7586287     94.8992673     73.4379199
     710.000     -78.3374560    215.1056385     95.0254211     74.3875473
     720.000     -80.4951760    216.4355397     95.1468708     75.3384126
     730.000     -82.6661111    217.7487410     95.2638406     76.2904698
     740.000     -84.8500964    219.0456374     95.3765420     77.2436752
     750.000     -87.0469708    220.3266105     95.4851744     78.1979871
     760.000     -89.2565768    221.5920297     95.5899262     79.1533658
     770.000     -91.4787607    222.8422520     95.6909753     80.1097733
     780.000     -93.7133723    224.0776229     95.7884897     81.0671735
     790.000     -95.9602648    225.2984768     95.8826285     82.0255318
     800.000     -98.2192946    226.5051374     95.9735420     82.9848153
     810.000    -100.4903213    227.6979181     96.0613725     83.9449924
     820.000    -102.7732077    228.8771227     96.1462547     84.9060329
     830.000    -105.0678195    230.0430453     96.2283163     85.8679081
     840.000    -107.3740253    231.1959709     96.3076782     86.8305903
     850.000    -109.6916965    232.3361759     96.3844551     87.7940530
     860.000    -112.0207073    233.4639284     96.4587559     88.7582711
     870.000    -114.3609344    234.5794881     96.5306838     89.7232203
     880.000    -116.7122572    235.6831073     96.6003368     90.6888772
     890.000    -119.0745576    236.7750307     96.6678082     91.6552197
     900.000    -121.4477197    237.8554956     96.7331864     92.6222264
     910.000    -123.8316301    238.9247328     96.7965556     93.5898767
     920.000    -126.2261776    239.9829660     96.8579958     94.5581511
     930.000    -128.6312534    241.0304128     96.9175833     95.5270305
     940.000    -131.0467506    242.0672845     96.9753906     96.4964968
     950.000    -133.4725645    243.0937865     97.0314868     97.4665326
     960.000    -135.9085925    244.1101183     97.0859376     98.4371211
     970.000    -138.3547337    245.1164740     97.1388058     99.4082461
     980.000    -140.8108893    246.1130423     97.1901513    100.3798921
     990.000    -143.2769625    247.1000068     97.2400311    101.3520442
    1000.000    -145.7528580    248.0775461     97.2884996    102.3246880
